shadowshudder:-1168.404769403963:70.0:749.4903115890237:-359.40106:4.3498235:
_Edvin_:-1175.2873997541144:70.0:754.7408727592934:-797.98395:14.312416:
narcos2002:-527.7056615398288:64.0:-186.64655678547123:-10.354125:24.750021:
blakeman1:-1220.1223696537727:72.0:733.0627293160393:-8000.4067:22.350044:
LmAoSuP3rM4N:-104.77765012914041:108.0:-84.43621296984782:-356.25043:7.9500546:
Fugate25:-106.27356109039755:104.0:-82.83372668926181:517.35974:71.38727:
Gyrobot:-1111.8353386909118:71.0:347.9018577801996:-8678.201:33.900063:
Destroywish9:-547.8161326279256:64.0:-187.55255967134582:994.0489:33.59997:
llcooljok:126.58790332032393:86.0:-18.781543895518553:5274.151:-6.5999928:
Arne1066:20.300000011920936:72.0:-415.2324202176225:1458.8982:22.932451:
SkyVenom101:130.709110562298:86.0:-22.45714365523331:463.9488:19.349985:
XxicyflowxX:-1197.5114273340773:69.0:758.9046724480592:-3707.5725:-29.400019:
tboneinacan:-1159.12737081426:84.0:372.79770913950466:1.755795:-4.838533:
giantsquid00:-563.8183187810008:64.0:-207.40158363797178:5413.0347:51.000023:
IKOB3AST:-1853.7946082819867:66.0:1882.0725057153174:-5816.1885:21.450016:
MINERGUY67880:-512.5681337286094:60.0:-168.16233396913418:-565.6582:22.05:
mstreek1:-1852.833756786242:66.0:1882.3940307427158:-8966.361:59.198513:
gojko1411:122.9104170184315:72.0:151.12311903603205:663.299:12.599955:
Czibi1999:18.69745448197561:72.0:-378.0123681795053:7380.227:12.604864:
aquamage:1061.994161302021:71.0:-540.0871039121291:-115.24237:12.601162:
Sc4ry00:122.86419314600283:74.0:146.08485339028:-515.6998:26.24998:
_Andy_:-2147.574728834332:75.0:2116.3746681999733:-10051.315:28.95:
Evilpancake102:-1219.3046246546878:74.0:1000.404376810421:-156.90015:32.54998:
RurouniTim:-1673.4860221702813:64.0:2031.5822324060623:-8875.553:2.0999732:
DrummerBoy8:-659.4213045119836:55.0:-379.28604573213653:1921.6672:10.049955:
HelloImColin:-1903.9242474728937:87.0:1737.3142108398483:-12924.327:8.651492:
CaniHasTNT:130.96088657485615:74.0:112.41243235519383:273.80704:7.651865:
legofan1234:-1907.699999988079:87.0:1746.300000011921:-4357.346:11.195415:
roganwood123:-1832.1597427190054:70.0:1952.1646147183383:-4776.0386:5.624756:
funkycow9:-1863.4096151813808:74.0:1857.6902107838237:-8490.83:-7.8001647:
xRawr3:-1578.7442269918495:65.0:1367.9806722677272:-11519.201:31.87782:
merkinkids01:248.23636611263615:65.0:-519.4958890524894:432.28976:59.850044:
CBpwns1999:248.58399646708114:65.0:-517.0501061748665:13870.345:19.350546:
MinecraftSpazz:927.2689970567845:64.0:-1445.1375607414454:-1307.88:47.400024:
computer4boy:-490.8561353525569:8.0:-22.947085157253237:-1306.5481:16.349977:
Pawapa:-496.44362902740875:9.0:-46.976819644945294:-897.7585:42.691177:
DanteSZ:-1838.096725785693:104.0:1859.228887276101:-7820.34:47.399883:
