Spawn:-6.492794491234235:64.0:7.300000011920931:-356.85065:-0.9000074:
FarLands:1.2550801515687158E7:64.0:1.2550788181308363E7:-751.20026:-43.650074:
VacationSpot:-210.25584487481052:64.0:344.2565409899686:-87.68566:4.499959:
EpicMtn:-1855.0534329584616:67.0:1910.4866091466183:-6926.931:-2.8500009:
SkyWater:-528.9624005755092:66.0:-176.67167273275723:630.7456:3.6000586:
SHOP:-504.699999988079:64.0:-168.30000001192093:3134.5476:29.5501:231
Oktober:-502.5030312334684:64.0:-168.99100108039346:3750.7483:45.450085:
U.S.S._JOJ:-661.1932840614131:85.0:-199.36859577436695:1023.45087:16.349995:
WaterDome:-658.4645127795992:55.0:-377.37189622501785:2343.9011:-11.550075:
Ember:-525.0770534115597:16.0:-29.99362873714528:-809.8976:9.449983:
